---BasicServices.xlsx

124446,124455,125217,71507,71510,71513,71516,71519,71522,71525,71528,71531,71534,71537,71543,71546,71549,72226,72229,72232,53258,53261,53264,53267,53270,53273

--------------------------------------------------------------------------------------------------------------------------------------------------------------------------

--Bundle.xlsx

123959,123962,123965,95212,95215,95218,95221,95224,95228,95231,95234,95237,95240,95243,95262,95272,95278,95282,95289,95292
------------------------------------------------------------------------------------------------------------------------------------------------------

---SureSelfcareOrderPlans.xlsx

150555,150558,150561,150564,150567,150570,150573,150576,150579,150582,150585,154656,154659,154662,154665,154668,154842



--------------------------------------------------------------------------------------------------------------------------------------------------------------


------SelfcareMyPlans.xlsx


150333,150336,150339,150342,150345,150348,150351,150354,150357,150360,150363,150366,150369,150372,150375,150378,150381,150391,150394,150397,150400,150403,150406,150409,150412,150415,150418,150421,150591,150594,150597,150425,150428,150431,150434,150437,150440,150443,150446,150449,150452,150588,150456,150459,150462,150465,150468,150471,150474,150477,150480,150483,150486,150489,150492,150495,150498,150501,150504,150507,150510,150513,150516,150519,150522,150525,150528,150531,150534