--PrepaidAssociationBasicServices.xlsx
212153,212163

------------------------------------------------------------
--PrepaidAssociationBundle.xlsx
212156,212166

------------------------------------------------------------------

--PrepaidAssociationPlans.xlsx
212159,212169

-----------------------------------------------------------------------

--PrepaidAssociationTransactions.xlsx



210279,210282,210285,210288,210291,210294,210297,210300,210303,210306,210309,210312,210315,210318,210321,210324,210327,210333,210336,210339,210342,210345,210348,210351,210354,210357,210360,210445,210448,210451,210454,210457,210460
                                       