New service order-->Basic services internal ids

202380,202383,202386,202389,202392,202395,202398,202401,202404,202407,202410,202413,202416,202419,202422,203152,203164,203167,203170,203173,203176


---------------------------------------------------------------------
New service order-->Bundle internal ids

202425,202428,202431,202434,202437,202440,202443,202446,202449,202452,202455,202458,202461,202464,202467,203156,203146,203179,203182



------------------------------------------------------------------
