----BasicServices.xlsx

241999,242001,242003,242005,242007,242009,242052,242055,242207,242210,242853,242856,242859

---------------------------------------------------------------------

----Bundle.xlsx

242016,242019,242022,242025,242028,242031,242058,242213,242862,242865,242868

-------------------------------------------------------------------------

--Plans.xlsx

242034,242037,242040,242043,242046,242049,242061,242216,242871,242874,242877

------------------------------------------------------------------------

----ServiceOrderTransaction.xlsx

209852,209856,209860,209864,209868,209872,209876,209880,209884,209888,209892,209896,209900,209904,209913

--------------------------------------------------------------------------------------------------------------------------------

---ChangeOrderTransaction.xlsx

209918,209923,209928,209933,209938,209943,209968,209973,209978,209983,209988,209993,209998,210003,210008,210013,210018,210023,210028,210033,210038,210043,210048,210053
------------------------------------------------------------------------------------------------------------------------------------------------------------------------

-----Disconnection.xlsx

210058,210063,210068,210073,210078,210083,210088,210093,210098

------------------------------------------------------------------------------------------------------------------------------------------

----Reconnection.xlsx

210103,210109,210115,210121,210127,210133,210139,210145

-----------------------------------------------------------------------------------------------------------------------------------

--Renewal.xlsx

210151,210156,210161,210166,210171,210176,210181,210186,210191,210196,210201,210206,210211,210216,210221,210226,210231,210236






















