New service order-->Basic services internal ids


----NewServiceOrderBasicServices.xlsx

202380,  202383, 202386, 202389, 202392, 202395, 202398,202401,  202404,  202407,  202410, 202413,  202416 , 202419, 202422,203152, 203164,203143,203167,203170,203173,203176


---------------------------------------------------------------------
New service order-->Bundle internal ids

-------NewServiceOrderBundle.xlsx

 202425,202428,202431,202434,202437, 202440, 202443, 202446,202449,  202452, 202455,  202458, 202461, 202464,202467,203156,  203146, 203179, 203182



---------------------------------------------------------------------------------------------------------------------------------------------------------------------

----NewServiceOrderPlan.xlsx

201844,201847,201850,201853,201856,201859,201862,201865,201868,201871,201874,201877,201880,201883,201886,203161,203185,203190

-------------------------------------------------------------------------------------------------------------------------------------------------------------------------------------------------------------------

----NewServiceOrderTransactions.xlsx

201890,201893,201896,201908,201911,201914,201917,201920,201923,201926,201929,201932,201935,201941,201944,201947,201950,201953,201956,201959,201962,201965,201968,201971,201974,201977,201980,201983,201992,201995,202004,202010,202019,202022,202025,202028,202031


                                       