------BasicServices.xlsx

53258,53261,53264,53267,53270,53273,53312

----------------------------------------------------------------------------------

---Bundle.xlsx

53276,53279,53282,53285,53288,53291,53294
---------------------------------------------------------------------------------------------------------------------------


-----WalletPlans.xlsx

156321,156324,156327,156330,156333,156336,158018,158023,192141


-------------------------------------------------------------------------------------------------------------------------------


-----WalletServiceOrder.xlsx

153934,153937,153940,153943,153946,153949,153952,153955,153958,153961,153964,153967,153970,153973,153976,153994,153997,154000,154003,154006,154009,154012,154015,154018,154021,154024,154027,154030,154036,154042,154048,154051,154060,154063,154102,154105