-----AssociationTransactions.xlsx

208645,208648,208651,208654,208657,208660,208663,208666,208669,208672,208675,208678,208681,208684,208687,208741,208744,208753,
208756,208759,208762,208765,208768,208783,208786,208789,208792,208807,208810,208819,208822,208831,208837,208843,208846,208855,208858,208867,208870,208879,
208882,208885,208888,208891,208894,208897,208900,208903,208930,208933,208936,208939,208942,208945,208952,208955,208958,208961,208964,208967,208970,208973,208976,
208979,208982,208985,208988,208991,208994,208997,209000,209003,209006,209009,209012,209015,209018,209021,209024,209027,209030,209033,209036,209039,209042,209045,
209048,209051,209054,209057,209060,209063,209066,209069,209072,209075,209078,209081,209084,209087,209090,209093,209096,209099,209102,209105,209108,209111,209114,
209117,209120,209123,209126,209129,209132,209135,209138,209141,209150,
209153,209156,209162,209165,209168,209171,209174,209177,209180,209183


----------------------------------------------------------------------------------------------------------------------------------------------------------------------------

-----AssociationTransactionsNonPrimary.xlsx


210366,210369,210372 ,210375, 210378,210381,210384,210387,210390,210393,210396,210399,210402,210405,210408,210411, 210414,210417,210420,210423

-----------------------------------------------------------------------------------------------------------------------------------------------------------------------------

------AssociationBasicServices.xlsx

209814,209823,209832,209841,210242,210251,210263,210266

----------------------------------------------------------------------------------------------------------------------------------------------------------------------------

-----AssociationBundle.xlsx

209817,209826,209835,209835,210245,210257,210269

------------------------------------------------------------------------------------------------------------------------------------------------------------------------------

-----AssociationPlans.xlsx

209820,209829,209838,209847,210248,210260,210272,210275